Accuracy: 0.844872285729913
              precision    recall  f1-score   support

           0       0.95      0.94      0.95     79045
           1       0.87      0.85      0.86     28471
           2       0.76      0.88      0.82     44028
           3       0.66      0.64      0.65     18678
           4       0.60      0.34      0.44      9176
           5       0.83      0.57      0.68      3432

    accuracy                           0.84    182830
   macro avg       0.78      0.70      0.73    182830
weighted avg       0.84      0.84      0.84    182830